<?xml version="1.0"?>
<opencv_storage>
<cameraMatrix type_id="opencv-matrix">
  <rows>3</rows>
  <cols>3</cols>
  <dt>d</dt>
  <data>
    1.0506935718323575e+03 0. 9.4490983165430237e+02 0.
    1.0509994929976792e+03 5.6591105692601002e+02 0. 0. 1.</data></cameraMatrix>
<distortionCoefficients type_id="opencv-matrix">
  <rows>1</rows>
  <cols>5</cols>
  <dt>d</dt>
  <data>
    1.0590663172426453e-03 -7.2442045382713163e-02
    3.6273094762940819e-03 1.1979513301939107e-03 4.0519540478001465e-02</data></distortionCoefficients>
<rotationVectors type_id="opencv-matrix">
  <rows>13</rows>
  <cols>3</cols>
  <dt>d</dt>
  <data>
    -2.6650767817707860e-01 5.1437390964903607e-01
    -5.8381047361269540e-02 -2.8448821074861141e-01
    1.1731485593331359e-01 -1.0798465330416472e-01
    -2.6491894253343362e-01 -1.3606519869497469e-01
    -1.0264425149411364e-01 -8.8224426984249579e-02
    4.6552642517518575e-02 1.1202082147808941e-01
    -1.6198174092192383e-01 1.2441601907417628e-01
    -2.2365372636986033e-01 -9.6077326657157375e-02
    1.0766919591345352e-01 3.5671489458769773e-02
    -9.7209513534504743e-02 3.0804872607019616e-02
    -2.7930817942223178e-02 -9.5211437744062988e-02
    -4.2734813305783719e-03 -1.5348073952393533e+00
    -1.8766484425215513e-01 -9.6163535765869002e-02
    8.7971959498247010e-01 -2.1066537639957109e-01
    -3.6418189412997537e-01 7.1626214684734124e-01
    -3.4172038061534314e-02 2.5493342565045224e-01
    -1.7348287284679462e-01 5.7197099357966540e-02
    3.4284917938558745e-01 -2.0771867758979465e-01
    -1.9803897432328707e-01 2.2722153588885505e-01
    -1.4587727045651011e+00</data></rotationVectors>
</opencv_storage>
